Type lemmas   Nb lemmas     All strats    All strats+tactImprovement   
All            144           74 [51.39]     99 [68.75]     99 [68.75]     25 [+33.78]  
  %                          51.39          68.75          68.75          -            
Classic        83            26 [31.33]     51 [61.45]     51 [61.45]     25 [+96.15]  
  %                          31.33          61.45          61.45          -            
Exists         11            8 [72.73]      8 [72.73]      8 [72.73]      0 [+0.0]     
  %                          72.73          72.73          72.73          -            
Source         0             0 [0]          0 [0]          0 [0]          0 [+0]       
  %                          0              0              0              -            
Reuse          50            40 [80.0]      40 [80.0]      40 [80.0]      0 [+0.0]     
  %                          80.0           80.0           80.0           -            
Induction      0             0 [0]          0 [0]          0 [0]          0 [+0]       
  %                          0              0              0              -            
