Type lemmas   Nb lemmas     Develop       Escape        Backtrack     BackAndAvoid  Proba         CollectAndRestartAll strats    All strats+tact
All            222           127 [57.21]    126 [56.76]    113 [50.9]     120 [54.05]    129 [58.11]    117 [52.7]     154 [69.37]    154 [69.37]  
  %                          57.21          56.76          50.9           54.05          58.11          52.7           69.37          69.37        
Classic        108           50 [46.3]      50 [46.3]      40 [37.04]     42 [38.89]     51 [47.22]     39 [36.11]     57 [52.78]     57 [52.78]   
  %                          46.3           46.3           37.04          38.89          47.22          36.11          52.78          52.78        
Exists         22            17 [77.27]     15 [68.18]     11 [50.0]      12 [54.55]     17 [77.27]     2 [9.09]       17 [77.27]     17 [77.27]   
  %                          77.27          68.18          50.0           54.55          77.27          9.09           77.27          77.27        
Source         15            5 [33.33]      5 [33.33]      5 [33.33]      5 [33.33]      5 [33.33]      15 [100.0]     15 [100.0]     15 [100.0]   
  %                          33.33          33.33          33.33          33.33          33.33          100.0          100.0          100.0        
Reuse          71            53 [74.65]     54 [76.06]     55 [77.46]     59 [83.1]      54 [76.06]     59 [83.1]      63 [88.73]     63 [88.73]   
  %                          74.65          76.06          77.46          83.1           76.06          83.1           88.73          88.73        
Induction      46            15 [32.61]     16 [34.78]     20 [43.48]     22 [47.83]     17 [36.96]     31 [67.39]     35 [76.09]     35 [76.09]   
  %                          32.61          34.78          43.48          47.83          36.96          67.39          76.09          76.09        
