Type lemmas   Nb lemmas     Escape        Backtrack     BackAndAvoid  Proba         CollectAndRestartAll strats    All strats+tact
All            95            4 [4.21]       8 [8.42]       11 [11.58]     4 [4.21]       19 [20.0]      27 [28.42]     27 [28.42]   
  %                          4.21           8.42           11.58          4.21           20.0           28.42          28.42        
Classic        58            2 [3.45]       2 [3.45]       3 [5.17]       2 [3.45]       2 [3.45]       7 [12.07]      7 [12.07]    
  %                          3.45           3.45           5.17           3.45           3.45           12.07          12.07        
Exists         5             0 [0.0]        0 [0.0]        0 [0.0]        0 [0.0]        0 [0.0]        0 [0.0]        0 [0.0]      
  %                          0.0            0.0            0.0            0.0            0.0            0.0            0.0          
Source         10            0 [0.0]        0 [0.0]        0 [0.0]        0 [0.0]        10 [100.0]     10 [100.0]     10 [100.0]   
  %                          0.0            0.0            0.0            0.0            100.0          100.0          100.0        
Reuse          18            2 [11.11]      6 [33.33]      8 [44.44]      2 [11.11]      7 [38.89]      10 [55.56]     10 [55.56]   
  %                          11.11          33.33          44.44          11.11          38.89          55.56          55.56        
Induction      31            2 [6.45]       6 [19.35]      8 [25.81]      2 [6.45]       17 [54.84]     20 [64.52]     20 [64.52]   
  %                          6.45           19.35          25.81          6.45           54.84          64.52          64.52        
