Type lemmas   Nb lemmas     All strats    All strats+tactImprovement   
All            222           127 [57.21]    154 [69.37]    154 [69.37]    27 [+21.26]  
  %                          57.21          69.37          69.37          -            
Classic        108           50 [46.3]      57 [52.78]     57 [52.78]     7 [+14.0]    
  %                          46.3           52.78          52.78          -            
Exists         22            17 [77.27]     17 [77.27]     17 [77.27]     0 [+0.0]     
  %                          77.27          77.27          77.27          -            
Source         15            5 [33.33]      15 [100.0]     15 [100.0]     10 [+200.0]  
  %                          33.33          100.0          100.0          -            
Reuse          71            53 [74.65]     63 [88.73]     63 [88.73]     10 [+18.87]  
  %                          74.65          88.73          88.73          -            
Induction      46            15 [32.61]     35 [76.09]     35 [76.09]     20 [+133.33] 
  %                          32.61          76.09          76.09          -            
