Type lemmas   Nb lemmas     All strats    All strats+tactImprovement   
All            641           333 [51.95]    426 [66.46]    428 [66.77]    95 [+28.53]  
  %                          51.95          66.46          66.77          -            
Classic        334           135 [40.42]    195 [58.38]    195 [58.38]    60 [+44.44]  
  %                          40.42          58.38          58.38          -            
Exists         114           62 [54.39]     64 [56.14]     66 [57.89]     4 [+6.45]    
  %                          54.39          56.14          57.89          -            
Source         23            12 [52.17]     23 [100.0]     23 [100.0]     11 [+91.67]  
  %                          52.17          100.0          100.0          -            
Reuse          160           120 [75.0]     138 [86.25]    138 [86.25]    18 [+15.0]   
  %                          75.0           86.25          86.25          -            
Induction      77            32 [41.56]     62 [80.52]     62 [80.52]     30 [+93.75]  
  %                          41.56          80.52          80.52          -            
