Type lemmas   Nb lemmas     Develop       Escape        Backtrack     BackAndAvoid  Proba         CollectAndRestartAll strats    All strats+tact
All            32            9 [28.12]      13 [40.62]     17 [53.12]     13 [40.62]     10 [31.25]     8 [25.0]       23 [71.88]     23 [71.88]   
  %                          28.12          40.62          53.12          40.62          31.25          25.0           71.88          71.88        
Classic        23            1 [4.35]       5 [21.74]      13 [56.52]     7 [30.43]      3 [13.04]      4 [17.39]      14 [60.87]     14 [60.87]   
  %                          4.35           21.74          56.52          30.43          13.04          17.39          60.87          60.87        
Exists         0             -              -              -              -              -              -              0 [0]          0 [0]        
  %                          -              -              -              -              -              -              0              0            
Source         1             1 [100.0]      0 [0.0]        0 [0.0]        0 [0.0]        0 [0.0]        0 [0.0]        1 [100.0]      1 [100.0]    
  %                          100.0          0.0            0.0            0.0            0.0            0.0            100.0          100.0        
Reuse          8             7 [87.5]       8 [100.0]      4 [50.0]       6 [75.0]       7 [87.5]       4 [50.0]       8 [100.0]      8 [100.0]    
  %                          87.5           100.0          50.0           75.0           87.5           50.0           100.0          100.0        
Induction      4             3 [75.0]       4 [100.0]      0 [0.0]        2 [50.0]       3 [75.0]       1 [25.0]       4 [100.0]      4 [100.0]    
  %                          75.0           100.0          0.0            50.0           75.0           25.0           100.0          100.0        
