Type lemmas   Nb lemmas     All strats    All strats+tactImprovement   
All            32            9 [28.12]      23 [71.88]     23 [71.88]     14 [+155.56] 
  %                          28.12          71.88          71.88          -            
Classic        23            1 [4.35]       14 [60.87]     14 [60.87]     13 [+1300.0] 
  %                          4.35           60.87          60.87          -            
Exists         0             0 [0]          0 [0]          0 [0]          0 [+0]       
  %                          0              0              0              -            
Source         1             1 [100.0]      1 [100.0]      1 [100.0]      0 [+0.0]     
  %                          100.0          100.0          100.0          -            
Reuse          8             7 [87.5]       8 [100.0]      8 [100.0]      1 [+14.29]   
  %                          87.5           100.0          100.0          -            
Induction      4             3 [75.0]       4 [100.0]      4 [100.0]      1 [+33.33]   
  %                          75.0           100.0          100.0          -            
