Type lemmas   Nb lemmas     Develop       Escape        Backtrack     BackAndAvoid  Proba         CollectAndRestartAll strats    All strats+tact
All            160           94 [58.75]     94 [58.75]     71 [44.38]     79 [49.38]     94 [58.75]     66 [41.25]     102 [63.75]    102 [63.75]  
  %                          58.75          58.75          44.38          49.38          58.75          41.25          63.75          63.75        
Classic        90            56 [62.22]     56 [62.22]     50 [55.56]     57 [63.33]     55 [61.11]     56 [62.22]     60 [66.67]     60 [66.67]   
  %                          62.22          62.22          55.56          63.33          61.11          62.22          66.67          66.67        
Exists         56            30 [53.57]     30 [53.57]     13 [23.21]     13 [23.21]     30 [53.57]     5 [8.93]       31 [55.36]     31 [55.36]   
  %                          53.57          53.57          23.21          23.21          53.57          8.93           55.36          55.36        
Source         3             2 [66.67]      3 [100.0]      3 [100.0]      3 [100.0]      3 [100.0]      0 [0.0]        3 [100.0]      3 [100.0]    
  %                          66.67          100.0          100.0          100.0          100.0          0.0            100.0          100.0        
Reuse          9             5 [55.56]      5 [55.56]      5 [55.56]      5 [55.56]      5 [55.56]      4 [44.44]      6 [66.67]      6 [66.67]    
  %                          55.56          55.56          55.56          55.56          55.56          44.44          66.67          66.67        
Induction      9             4 [44.44]      3 [33.33]      3 [33.33]      4 [44.44]      4 [44.44]      3 [33.33]      6 [66.67]      6 [66.67]    
  %                          44.44          33.33          33.33          44.44          44.44          33.33          66.67          66.67        
