Type lemmas   Nb lemmas     Escape        Backtrack     BackAndAvoid  Proba         CollectAndRestartAll strats    All strats+tact
All            66            1 [1.52]       3 [4.55]       4 [6.06]       1 [1.52]       5 [7.58]       8 [12.12]      8 [12.12]    
  %                          1.52           4.55           6.06           1.52           7.58           12.12          12.12        
Classic        34            0 [0.0]        1 [2.94]       1 [2.94]       0 [0.0]        3 [8.82]       4 [11.76]      4 [11.76]    
  %                          0.0            2.94           2.94           0.0            8.82           11.76          11.76        
Exists         26            0 [0.0]        1 [3.85]       1 [3.85]       0 [0.0]        0 [0.0]        1 [3.85]       1 [3.85]     
  %                          0.0            3.85           3.85           0.0            0.0            3.85           3.85         
Source         1             1 [100.0]      1 [100.0]      1 [100.0]      1 [100.0]      0 [0.0]        1 [100.0]      1 [100.0]    
  %                          100.0          100.0          100.0          100.0          0.0            100.0          100.0        
Reuse          4             0 [0.0]        0 [0.0]        0 [0.0]        0 [0.0]        1 [25.0]       1 [25.0]       1 [25.0]     
  %                          0.0            0.0            0.0            0.0            25.0           25.0           25.0         
Induction      5             0 [0.0]        0 [0.0]        1 [20.0]       0 [0.0]        2 [40.0]       2 [40.0]       2 [40.0]     
  %                          0.0            0.0            20.0           0.0            40.0           40.0           40.0         
