Type lemmas   Nb lemmas     All strats    All strats+tactImprovement   
All            160           94 [58.75]     102 [63.75]    102 [63.75]    8 [+8.51]    
  %                          58.75          63.75          63.75          -            
Classic        90            56 [62.22]     60 [66.67]     60 [66.67]     4 [+7.14]    
  %                          62.22          66.67          66.67          -            
Exists         56            30 [53.57]     31 [55.36]     31 [55.36]     1 [+3.33]    
  %                          53.57          55.36          55.36          -            
Source         3             2 [66.67]      3 [100.0]      3 [100.0]      1 [+50.0]    
  %                          66.67          100.0          100.0          -            
Reuse          9             5 [55.56]      6 [66.67]      6 [66.67]      1 [+20.0]    
  %                          55.56          66.67          66.67          -            
Induction      9             4 [44.44]      6 [66.67]      6 [66.67]      2 [+50.0]    
  %                          44.44          66.67          66.67          -            
