Type lemmas   Nb lemmas     Develop       Escape        Backtrack      BackAndAvoid  	Proba         CollectAndRestartAll strats    All strats+tact
All            641           333 [51.95]    364 [56.79]    322 [50.23]    321 [50.08]    337 [52.57]    303 [47.27]    426 [66.46]    426 [66.46]  
  %                          51.95          56.79          50.23          50.08          52.57          47.27          66.46          66.46        
Classic        334           135 [40.42]    165 [49.4]     149 [44.61]    140 [41.92]    138 [41.32]    133 [39.82]    195 [58.38]    195 [58.38]  
  %                          40.42          49.4           44.61          41.92          41.32          39.82          58.38          58.38        
Exists         114           62 [54.39]     61 [53.51]     37 [32.46]     38 [33.33]     62 [54.39]     19 [16.67]     64 [56.14]     64 [56.14]   
  %                          54.39          53.51          32.46          33.33          54.39          16.67          56.14          56.14        
Source         23            12 [52.17]     12 [52.17]     12 [52.17]     12 [52.17]     12 [52.17]     19 [82.61]     23 [100.0]     23 [100.0]   
  %                          52.17          52.17          52.17          52.17          52.17          82.61          100.0          100.0        
Reuse          160           120 [75.0]     122 [76.25]    120 [75.0]     126 [78.75]    121 [75.62]    127 [79.38]    138 [86.25]    138 [86.25]  
  %                          75.0           76.25          75.0           78.75          75.62          79.38          86.25          86.25        
Induction      77            32 [41.56]     34 [44.16]     35 [45.45]     40 [51.95]     34 [44.16]     51 [66.23]     62 [80.52]     62 [80.52]   
  %                          41.56          44.16          45.45          51.95          44.16          66.23          80.52          80.52        
