Type lemmas   Nb lemmas     Develop       Escape        Backtrack     BackAndAvoid  Proba         CollectAndRestartAll strats    All strats+tact
All            47            27 [57.45]     32 [68.09]     25 [53.19]     15 [31.91]     29 [61.7]      21 [44.68]     37 [78.72]     37 [78.72]   
  %                          57.45          68.09          53.19          31.91          61.7           44.68          78.72          78.72        
Classic        25            11 [44.0]      17 [68.0]      13 [52.0]      10 [40.0]      13 [52.0]      11 [44.0]      19 [76.0]      19 [76.0]    
  %                          44.0           68.0           52.0           40.0           52.0           44.0           76.0           76.0         
Exists         10            8 [80.0]       7 [70.0]       4 [40.0]       0 [0.0]        8 [80.0]       2 [20.0]       8 [80.0]       8 [80.0]     
  %                          80.0           70.0           40.0           0.0            80.0           20.0           80.0           80.0         
Source         5             3 [60.0]       3 [60.0]       3 [60.0]       2 [40.0]       3 [60.0]       4 [80.0]       5 [100.0]      5 [100.0]    
  %                          60.0           60.0           60.0           40.0           60.0           80.0           100.0          100.0        
Reuse          7             5 [71.43]      5 [71.43]      5 [71.43]      3 [42.86]      5 [71.43]      4 [57.14]      5 [71.43]      5 [71.43]    
  %                          71.43          71.43          71.43          42.86          71.43          57.14          71.43          71.43        
Induction      6             2 [33.33]      2 [33.33]      2 [33.33]      1 [16.67]      2 [33.33]      3 [50.0]       4 [66.67]      4 [66.67]    
  %                          33.33          33.33          33.33          16.67          33.33          50.0           66.67          66.67        
