Type lemmas   Nb lemmas     All strats    All strats+tactImprovement   
All            47            27 [57.45]     37 [78.72]     37 [78.72]     10 [+37.04]  
  %                          57.45          78.72          78.72          -            
Classic        25            11 [44.0]      19 [76.0]      19 [76.0]      8 [+72.73]   
  %                          44.0           76.0           76.0           -            
Exists         10            8 [80.0]       8 [80.0]       8 [80.0]       0 [+0.0]     
  %                          80.0           80.0           80.0           -            
Source         5             3 [60.0]       5 [100.0]      5 [100.0]      2 [+66.67]   
  %                          60.0           100.0          100.0          -            
Reuse          7             5 [71.43]      5 [71.43]      5 [71.43]      0 [+0.0]     
  %                          71.43          71.43          71.43          -            
Induction      6             2 [33.33]      4 [66.67]      4 [66.67]      2 [+100.0]   
  %                          33.33          66.67          66.67          -            
