Type lemmas   Nb lemmas     Escape        Backtrack     BackAndAvoid  Proba         CollectAndRestartAll strats    All strats+tact
All            308           39 [12.66]     43 [13.96]     29 [9.42]      9 [2.92]       39 [12.66]     93 [30.19]     95 [30.84]   
  %                          12.66          13.96          9.42           2.92           12.66          30.19          30.84        
Classic        199           33 [16.58]     33 [16.58]     16 [8.04]      6 [3.02]       14 [7.04]      60 [30.15]     60 [30.15]   
  %                          16.58          16.58          8.04           3.02           7.04           30.15          30.15        
Exists         52            1 [1.92]       1 [1.92]       1 [1.92]       0 [0.0]        0 [0.0]        2 [3.85]       4 [7.69]     
  %                          1.92           1.92           1.92           0.0            0.0            3.85           7.69         
Source         11            1 [9.09]       1 [9.09]       1 [9.09]       1 [9.09]       10 [90.91]     11 [100.0]     11 [100.0]   
  %                          9.09           9.09           9.09           9.09           90.91          100.0          100.0        
Reuse          40            3 [7.5]        7 [17.5]       9 [22.5]       2 [5.0]        13 [32.5]      18 [45.0]      18 [45.0]    
  %                          7.5            17.5           22.5           5.0            32.5           45.0           45.0         
Induction      45            4 [8.89]       8 [17.78]      11 [24.44]     2 [4.44]       25 [55.56]     30 [66.67]     30 [66.67]   
  %                          8.89           17.78          24.44          4.44           55.56          66.67          66.67        
