Type lemmas   Nb lemmas     Develop       Escape        Backtrack     BackAndAvoid  Proba         CollectAndRestartAll strats    All strats+tact
All            54            29 [53.7]      33 [61.11]     26 [48.15]     16 [29.63]     31 [57.41]     24 [44.44]     41 [75.93]     41 [75.93]   
  %                          53.7           61.11          48.15          29.63          57.41          44.44          75.93          75.93        
Classic        26            11 [42.31]     17 [65.38]     13 [50.0]      10 [38.46]     13 [50.0]      11 [42.31]     19 [73.08]     19 [73.08]   
  %                          42.31          65.38          50.0           38.46          50.0           42.31          73.08          73.08        
Exists         10            8 [80.0]       7 [70.0]       4 [40.0]       0 [0.0]        8 [80.0]       2 [20.0]       8 [80.0]       8 [80.0]     
  %                          80.0           70.0           40.0           0.0            80.0           20.0           80.0           80.0         
Source         5             3 [60.0]       3 [60.0]       3 [60.0]       2 [40.0]       3 [60.0]       4 [80.0]       5 [100.0]      5 [100.0]    
  %                          60.0           60.0           60.0           40.0           60.0           80.0           100.0          100.0        
Reuse          7             5 [71.43]      5 [71.43]      5 [71.43]      3 [42.86]      5 [71.43]      4 [57.14]      5 [71.43]      5 [71.43]    
  %                          71.43          71.43          71.43          42.86          71.43          57.14          71.43          71.43        
Induction      6             2 [33.33]      2 [33.33]      2 [33.33]      1 [16.67]      2 [33.33]      3 [50.0]       4 [66.67]      4 [66.67]    
  %                          33.33          33.33          33.33          16.67          33.33          50.0           66.67          66.67        
