Type lemmas   Nb lemmas     Escape        Backtrack     BackAndAvoid  Proba         CollectAndRestartAll strats    All strats+tact
All            25            6 [24.0]       3 [12.0]       1 [4.0]        2 [8.0]        7 [28.0]       12 [48.0]      12 [48.0]    
  %                          24.0           12.0           4.0            8.0            28.0           48.0           48.0         
Classic        15            6 [40.0]       3 [20.0]       1 [6.67]       2 [13.33]      3 [20.0]       8 [53.33]      8 [53.33]    
  %                          40.0           20.0           6.67           13.33          20.0           53.33          53.33        
Exists         2             0 [0.0]        0 [0.0]        0 [0.0]        0 [0.0]        0 [0.0]        0 [0.0]        0 [0.0]      
  %                          0.0            0.0            0.0            0.0            0.0            0.0            0.0          
Source         2             0 [0.0]        0 [0.0]        0 [0.0]        0 [0.0]        2 [100.0]      2 [100.0]      2 [100.0]    
  %                          0.0            0.0            0.0            0.0            100.0          100.0          100.0        
Reuse          2             0 [0.0]        0 [0.0]        0 [0.0]        0 [0.0]        0 [0.0]        0 [0.0]        0 [0.0]      
  %                          0.0            0.0            0.0            0.0            0.0            0.0            0.0          
Induction      4             0 [0.0]        0 [0.0]        0 [0.0]        0 [0.0]        2 [50.0]       2 [50.0]       2 [50.0]     
  %                          0.0            0.0            0.0            0.0            50.0           50.0           50.0         
