Type lemmas   Nb lemmas     All strats    All strats+tactImprovement   
All            54            29 [53.7]      41 [75.93]     41 [75.93]     12 [+41.38]  
  %                          53.7           75.93          75.93          -            
Classic        26            11 [42.31]     19 [73.08]     19 [73.08]     8 [+72.73]   
  %                          42.31          73.08          73.08          -            
Exists         10            8 [80.0]       8 [80.0]       8 [80.0]       0 [+0.0]     
  %                          80.0           80.0           80.0           -            
Source         5             3 [60.0]       5 [100.0]      5 [100.0]      2 [+66.67]   
  %                          60.0           100.0          100.0          -            
Reuse          7             5 [71.43]      5 [71.43]      5 [71.43]      0 [+0.0]     
  %                          71.43          71.43          71.43          -            
Induction      6             2 [33.33]      4 [66.67]      4 [66.67]      2 [+100.0]   
  %                          33.33          66.67          66.67          -            
