Type lemmas   Nb lemmas     Develop       Escape        Backtracking  BackAndAvoid  Probabilistic CollectAndRestartAll strats    All strats+tact
All            45            26 [57.78]     30 [66.67]     17 [37.78]     18 [40.0]      26 [57.78]     22 [48.89]     33 [73.33]     36 [80.0]    
  %                          57.78          66.67          37.78          40.0           57.78          48.89          73.33          80.0         
Classic        23            11 [47.83]     16 [69.57]     11 [47.83]     11 [47.83]     11 [47.83]     13 [56.52]     16 [69.57]     17 [73.91]   
  %                          47.83          69.57          47.83          47.83          47.83          56.52          69.57          73.91        
Exists         10            9 [90.0]       8 [80.0]       1 [10.0]       2 [20.0]       9 [90.0]       2 [20.0]       9 [90.0]       10 [100.0]   
  %                          90.0           80.0           10.0           20.0           90.0           20.0           90.0           100.0        
Source         5             3 [60.0]       3 [60.0]       2 [40.0]       2 [40.0]       3 [60.0]       4 [80.0]       5 [100.0]      5 [100.0]    
  %                          60.0           60.0           40.0           40.0           60.0           80.0           100.0          100.0        
Reuse          7             3 [42.86]      3 [42.86]      3 [42.86]      3 [42.86]      3 [42.86]      3 [42.86]      3 [42.86]      4 [57.14]    
  %                          42.86          42.86          42.86          42.86          42.86          42.86          42.86          57.14        
Induction      4             1 [25.0]       1 [25.0]       1 [25.0]       1 [25.0]       1 [25.0]       1 [25.0]       1 [25.0]       2 [50.0]     
  %                          25.0           25.0           25.0           25.0           25.0           25.0           25.0           50.0         
