Type lemmas   Nb lemmas     Develop       Escape        Backtrack     BackAndAvoid  Proba         CollectAndRestartAll strats    All strats+tact
All            83            29 [34.94]     41 [49.4]      31 [37.35]     34 [40.96]     31 [37.35]     38 [45.78]     48 [57.83]     48 [57.83]   
  %                          34.94          49.4           37.35          40.96          37.35          45.78          57.83          57.83        
Classic        30            2 [6.67]       12 [40.0]      4 [13.33]      7 [23.33]      4 [13.33]      8 [26.67]      13 [43.33]     13 [43.33]   
  %                          6.67           40.0           13.33          23.33          13.33          26.67          43.33          43.33        
Exists         25            7 [28.0]       8 [32.0]       5 [20.0]       5 [20.0]       7 [28.0]       4 [16.0]       8 [32.0]       8 [32.0]     
  %                          28.0           32.0           20.0           20.0           28.0           16.0           32.0           32.0         
Source         4             4 [100.0]      4 [100.0]      4 [100.0]      4 [100.0]      4 [100.0]      4 [100.0]      4 [100.0]      4 [100.0]    
  %                          100.0          100.0          100.0          100.0          100.0          100.0          100.0          100.0        
Reuse          22            15 [68.18]     15 [68.18]     16 [72.73]     16 [72.73]     15 [68.18]     20 [90.91]     21 [95.45]     21 [95.45]   
  %                          68.18          68.18          72.73          72.73          68.18          90.91          95.45          95.45        
Induction      18            10 [55.56]     11 [61.11]     12 [66.67]     12 [66.67]     10 [55.56]     16 [88.89]     17 [94.44]     17 [94.44]   
  %                          55.56          61.11          66.67          66.67          55.56          88.89          94.44          94.44        
