Type lemmas   Nb lemmas     All strats    All strats+tactImprovement   
All            83            29 [34.94]     48 [57.83]     48 [57.83]     19 [+65.52]  
  %                          34.94          57.83          57.83          -            
Classic        30            2 [6.67]       13 [43.33]     13 [43.33]     11 [+550.0]  
  %                          6.67           43.33          43.33          -            
Exists         25            7 [28.0]       8 [32.0]       8 [32.0]       1 [+14.29]   
  %                          28.0           32.0           32.0           -            
Source         4             4 [100.0]      4 [100.0]      4 [100.0]      0 [+0.0]     
  %                          100.0          100.0          100.0          -            
Reuse          22            15 [68.18]     21 [95.45]     21 [95.45]     6 [+40.0]    
  %                          68.18          95.45          95.45          -            
Induction      18            10 [55.56]     17 [94.44]     17 [94.44]     7 [+70.0]    
  %                          55.56          94.44          94.44          -            
