Type lemmas   Nb lemmas     Escape        Backtrack     BackAndAvoid  Proba         CollectAndRestartAll strats    All strats+tact
All            54            12 [22.22]     4 [7.41]       7 [12.96]      2 [3.7]        12 [22.22]     19 [35.19]     19 [35.19]   
  %                          22.22          7.41           12.96          3.7            22.22          35.19          35.19        
Classic        28            10 [35.71]     2 [7.14]       5 [17.86]      2 [7.14]       6 [21.43]      11 [39.29]     11 [39.29]   
  %                          35.71          7.14           17.86          7.14           21.43          39.29          39.29        
Exists         18            1 [5.56]       0 [0.0]        0 [0.0]        0 [0.0]        0 [0.0]        1 [5.56]       1 [5.56]     
  %                          5.56           0.0            0.0            0.0            0.0            5.56           5.56         
Source         0             -              -              -              -              -              0 [0]          0 [0]        
  %                          -              -              -              -              -              0              0            
Reuse          7             0 [0.0]        1 [14.29]      1 [14.29]      0 [0.0]        5 [71.43]      6 [85.71]      6 [85.71]    
  %                          0.0            14.29          14.29          0.0            71.43          85.71          85.71        
Induction      8             1 [12.5]       2 [25.0]       2 [25.0]       0 [0.0]        6 [75.0]       7 [87.5]       7 [87.5]     
  %                          12.5           25.0           25.0           0.0            75.0           87.5           87.5         
